0.0,228.0,110.0,125.0,291.0,12.0,231.0,186.0,104.0,304.0,491.0,126.0,18.0,215.0,23.0,104.0,231.0,126.0,7.0,105.0,9.0,5.0,104.0,104.0,249.0,8.0,148.0,178.0,104.0,117.0,327.0,118.0,77.0,147.0,5.0,216.0,201.0,204.0,108.0,160.0,6.0,114.0,13.0,177.0,104.0,110.0,8.0,249.0,104.0,204.0,105.0,106.0,523.0,17.0,104.0,104.0,6.0,7.0,104.0,204.0,104.0,7.0,5.0,104.0,5.0,5.0,104.0,109.0,21.0,204.0,125.0,204.0,152.0,25.0,354.0,150.0,5.0,104.0,521.0,17.0,109.0,249.0,5.0,157.0,350.0,121.0,200.0,104.0,414.0,106.0,173.0,274.0,204.0,6.0,5.0,463.0,5.0,10.0,30.0,304.0
228.0,0.0,330.0,345.0,509.0,232.0,451.0,408.0,324.0,524.0,711.0,346.0,238.0,433.0,243.0,326.0,451.0,346.0,227.0,325.0,229.0,225.0,326.0,324.0,469.0,228.0,368.0,398.0,324.0,337.0,547.0,338.0,295.0,367.0,225.0,432.0,421.0,424.0,328.0,380.0,226.0,326.0,233.0,397.0,324.0,330.0,228.0,467.0,324.0,424.0,325.0,326.0,743.0,237.0,324.0,324.0,226.0,227.0,324.0,424.0,324.0,227.0,225.0,324.0,225.0,225.0,324.0,329.0,241.0,424.0,343.0,424.0,372.0,195.0,574.0,370.0,225.0,324.0,741.0,237.0,329.0,469.0,225.0,377.0,570.0,341.0,420.0,324.0,634.0,326.0,393.0,494.0,424.0,226.0,225.0,683.0,225.0,230.0,250.0,524.0
110.0,330.0,0.0,227.0,393.0,114.0,333.0,290.0,206.0,406.0,593.0,228.0,120.0,317.0,125.0,208.0,333.0,228.0,109.0,207.0,111.0,107.0,208.0,206.0,351.0,110.0,250.0,280.0,206.0,219.0,429.0,220.0,179.0,249.0,107.0,318.0,303.0,306.0,210.0,262.0,108.0,216.0,115.0,279.0,206.0,212.0,110.0,351.0,206.0,306.0,207.0,208.0,625.0,119.0,206.0,206.0,108.0,109.0,206.0,306.0,206.0,109.0,107.0,206.0,107.0,107.0,206.0,211.0,123.0,306.0,227.0,306.0,254.0,127.0,452.0,252.0,107.0,206.0,623.0,119.0,211.0,351.0,107.0,259.0,452.0,223.0,302.0,206.0,516.0,208.0,275.0,376.0,306.0,108.0,107.0,565.0,107.0,112.0,132.0,406.0
125.0,345.0,227.0,0.0,408.0,129.0,348.0,305.0,221.0,421.0,608.0,243.0,135.0,332.0,140.0,223.0,348.0,243.0,124.0,222.0,126.0,122.0,223.0,221.0,366.0,125.0,265.0,295.0,221.0,234.0,444.0,235.0,194.0,264.0,122.0,333.0,318.0,321.0,225.0,277.0,123.0,231.0,130.0,294.0,221.0,227.0,125.0,366.0,221.0,321.0,222.0,223.0,640.0,134.0,221.0,221.0,123.0,124.0,221.0,321.0,221.0,124.0,122.0,221.0,122.0,122.0,221.0,226.0,138.0,321.0,242.0,321.0,269.0,142.0,471.0,267.0,122.0,221.0,638.0,134.0,226.0,366.0,122.0,274.0,467.0,238.0,317.0,221.0,531.0,223.0,290.0,391.0,321.0,123.0,122.0,580.0,122.0,127.0,147.0,421.0
291.0,509.0,393.0,408.0,0.0,295.0,514.0,455.0,387.0,587.0,774.0,409.0,301.0,498.0,306.0,389.0,514.0,409.0,282.0,388.0,292.0,288.0,389.0,387.0,532.0,291.0,431.0,461.0,387.0,400.0,610.0,401.0,358.0,430.0,288.0,499.0,484.0,487.0,391.0,443.0,289.0,397.0,296.0,460.0,387.0,393.0,291.0,532.0,387.0,487.0,388.0,389.0,806.0,300.0,387.0,387.0,289.0,290.0,387.0,487.0,387.0,290.0,288.0,387.0,288.0,288.0,387.0,392.0,304.0,487.0,408.0,487.0,435.0,308.0,637.0,433.0,288.0,387.0,804.0,300.0,392.0,532.0,288.0,440.0,633.0,404.0,483.0,387.0,697.0,389.0,456.0,557.0,487.0,289.0,288.0,746.0,288.0,293.0,313.0,587.0
12.0,232.0,114.0,129.0,295.0,0.0,235.0,192.0,108.0,308.0,495.0,130.0,22.0,219.0,27.0,110.0,235.0,130.0,11.0,109.0,13.0,9.0,110.0,108.0,253.0,12.0,152.0,182.0,108.0,121.0,331.0,122.0,81.0,151.0,9.0,220.0,205.0,208.0,112.0,164.0,10.0,118.0,17.0,181.0,108.0,114.0,12.0,253.0,108.0,208.0,109.0,110.0,525.0,21.0,108.0,108.0,10.0,11.0,108.0,208.0,108.0,11.0,9.0,108.0,9.0,9.0,108.0,111.0,25.0,208.0,129.0,208.0,156.0,29.0,354.0,154.0,9.0,108.0,525.0,21.0,113.0,253.0,9.0,161.0,354.0,125.0,204.0,108.0,418.0,110.0,177.0,278.0,208.0,10.0,9.0,467.0,9.0,14.0,34.0,308.0
231.0,451.0,333.0,348.0,514.0,235.0,0.0,411.0,327.0,527.0,714.0,349.0,241.0,438.0,246.0,329.0,454.0,349.0,230.0,328.0,232.0,228.0,329.0,327.0,472.0,231.0,371.0,401.0,327.0,340.0,550.0,341.0,300.0,370.0,228.0,439.0,424.0,427.0,331.0,383.0,229.0,337.0,236.0,400.0,327.0,333.0,231.0,472.0,327.0,427.0,328.0,329.0,746.0,240.0,327.0,327.0,229.0,230.0,327.0,427.0,327.0,230.0,228.0,327.0,228.0,228.0,327.0,332.0,244.0,427.0,348.0,427.0,375.0,248.0,577.0,373.0,228.0,327.0,744.0,240.0,332.0,472.0,228.0,380.0,573.0,344.0,423.0,327.0,637.0,329.0,396.0,497.0,427.0,229.0,228.0,686.0,228.0,233.0,253.0,527.0
186.0,408.0,290.0,305.0,455.0,192.0,411.0,0.0,284.0,484.0,671.0,306.0,198.0,395.0,203.0,284.0,411.0,306.0,183.0,285.0,189.0,185.0,284.0,284.0,429.0,188.0,328.0,358.0,284.0,297.0,507.0,298.0,245.0,327.0,185.0,396.0,381.0,384.0,288.0,340.0,186.0,294.0,193.0,357.0,284.0,290.0,188.0,429.0,284.0,384.0,285.0,286.0,703.0,193.0,284.0,284.0,186.0,187.0,284.0,384.0,284.0,187.0,185.0,284.0,185.0,185.0,284.0,289.0,201.0,384.0,299.0,384.0,332.0,205.0,534.0,328.0,185.0,284.0,701.0,197.0,289.0,429.0,185.0,337.0,530.0,301.0,380.0,284.0,594.0,286.0,353.0,454.0,384.0,186.0,185.0,643.0,185.0,190.0,210.0,484.0
104.0,324.0,206.0,221.0,387.0,108.0,327.0,284.0,0.0,400.0,587.0,222.0,114.0,311.0,119.0,202.0,27.0,222.0,103.0,201.0,105.0,101.0,202.0,200.0,345.0,104.0,244.0,274.0,200.0,213.0,423.0,214.0,173.0,243.0,101.0,312.0,297.0,300.0,204.0,256.0,102.0,210.0,109.0,273.0,200.0,206.0,104.0,345.0,200.0,300.0,201.0,202.0,619.0,113.0,200.0,200.0,102.0,103.0,200.0,300.0,200.0,103.0,101.0,200.0,101.0,101.0,200.0,205.0,117.0,300.0,221.0,300.0,248.0,121.0,450.0,246.0,101.0,200.0,617.0,113.0,205.0,345.0,101.0,253.0,446.0,217.0,296.0,200.0,510.0,202.0,269.0,370.0,300.0,102.0,101.0,559.0,101.0,106.0,126.0,400.0
304.0,524.0,406.0,421.0,587.0,308.0,527.0,484.0,400.0,0.0,787.0,422.0,314.0,511.0,319.0,402.0,527.0,422.0,303.0,401.0,305.0,301.0,402.0,400.0,545.0,304.0,444.0,474.0,400.0,413.0,623.0,414.0,373.0,443.0,301.0,512.0,497.0,500.0,404.0,456.0,302.0,410.0,309.0,473.0,400.0,406.0,304.0,545.0,400.0,500.0,401.0,402.0,819.0,313.0,400.0,400.0,302.0,303.0,400.0,500.0,400.0,303.0,301.0,400.0,301.0,301.0,400.0,405.0,317.0,500.0,421.0,500.0,448.0,321.0,650.0,446.0,301.0,400.0,817.0,313.0,405.0,545.0,301.0,453.0,646.0,417.0,496.0,400.0,710.0,402.0,469.0,570.0,500.0,302.0,301.0,759.0,301.0,306.0,326.0,600.0
491.0,711.0,593.0,608.0,774.0,495.0,714.0,671.0,587.0,787.0,0.0,609.0,501.0,696.0,506.0,589.0,714.0,609.0,490.0,588.0,492.0,488.0,589.0,587.0,732.0,491.0,631.0,659.0,587.0,600.0,810.0,601.0,560.0,630.0,488.0,699.0,684.0,687.0,591.0,643.0,489.0,597.0,496.0,660.0,587.0,593.0,491.0,732.0,587.0,687.0,588.0,589.0,1006.0,500.0,587.0,587.0,489.0,490.0,587.0,687.0,587.0,490.0,488.0,587.0,488.0,488.0,587.0,592.0,504.0,687.0,608.0,687.0,635.0,508.0,837.0,633.0,488.0,587.0,1004.0,500.0,592.0,732.0,488.0,640.0,833.0,604.0,683.0,587.0,897.0,589.0,656.0,757.0,687.0,489.0,488.0,946.0,488.0,493.0,513.0,787.0
126.0,346.0,228.0,243.0,409.0,130.0,349.0,306.0,222.0,422.0,609.0,0.0,136.0,333.0,141.0,224.0,349.0,244.0,125.0,223.0,127.0,123.0,224.0,222.0,367.0,126.0,266.0,296.0,222.0,235.0,445.0,236.0,195.0,265.0,123.0,334.0,319.0,322.0,226.0,278.0,124.0,232.0,131.0,295.0,222.0,228.0,126.0,367.0,222.0,322.0,223.0,224.0,641.0,135.0,222.0,222.0,124.0,125.0,222.0,322.0,222.0,125.0,123.0,222.0,123.0,123.0,222.0,227.0,139.0,322.0,243.0,322.0,270.0,143.0,472.0,268.0,123.0,222.0,639.0,135.0,227.0,367.0,123.0,275.0,468.0,239.0,318.0,222.0,532.0,224.0,291.0,392.0,322.0,124.0,123.0,581.0,123.0,128.0,148.0,422.0
18.0,238.0,120.0,135.0,301.0,22.0,241.0,198.0,114.0,314.0,501.0,136.0,0.0,225.0,33.0,116.0,241.0,136.0,17.0,115.0,19.0,15.0,116.0,114.0,259.0,18.0,158.0,188.0,114.0,127.0,337.0,128.0,87.0,157.0,15.0,226.0,211.0,214.0,118.0,170.0,16.0,124.0,23.0,187.0,114.0,120.0,18.0,259.0,114.0,214.0,115.0,116.0,533.0,27.0,114.0,114.0,16.0,17.0,114.0,214.0,114.0,17.0,15.0,114.0,15.0,15.0,114.0,119.0,31.0,214.0,135.0,214.0,162.0,35.0,364.0,160.0,15.0,114.0,531.0,27.0,119.0,259.0,15.0,167.0,360.0,131.0,210.0,114.0,424.0,116.0,183.0,284.0,214.0,16.0,15.0,473.0,15.0,20.0,40.0,314.0
215.0,433.0,317.0,332.0,498.0,219.0,438.0,395.0,311.0,511.0,696.0,333.0,225.0,0.0,230.0,313.0,438.0,333.0,214.0,312.0,216.0,212.0,313.0,311.0,456.0,215.0,355.0,385.0,311.0,322.0,534.0,325.0,284.0,354.0,212.0,423.0,408.0,411.0,315.0,367.0,213.0,321.0,220.0,384.0,311.0,317.0,215.0,454.0,311.0,411.0,312.0,313.0,730.0,224.0,311.0,311.0,213.0,214.0,311.0,411.0,311.0,214.0,212.0,311.0,212.0,212.0,311.0,316.0,228.0,409.0,332.0,411.0,359.0,230.0,561.0,357.0,212.0,311.0,728.0,224.0,316.0,456.0,212.0,364.0,557.0,328.0,407.0,311.0,621.0,313.0,380.0,481.0,411.0,213.0,212.0,670.0,212.0,217.0,237.0,511.0
23.0,243.0,125.0,140.0,306.0,27.0,246.0,203.0,119.0,319.0,506.0,141.0,33.0,230.0,0.0,121.0,246.0,141.0,22.0,120.0,24.0,20.0,121.0,119.0,264.0,23.0,163.0,193.0,119.0,132.0,342.0,133.0,92.0,162.0,20.0,231.0,216.0,219.0,123.0,175.0,21.0,129.0,28.0,192.0,119.0,125.0,23.0,264.0,119.0,219.0,120.0,121.0,538.0,32.0,119.0,119.0,21.0,22.0,119.0,219.0,119.0,22.0,20.0,119.0,20.0,20.0,119.0,124.0,36.0,219.0,140.0,219.0,167.0,40.0,369.0,165.0,20.0,119.0,536.0,32.0,124.0,264.0,20.0,172.0,365.0,136.0,215.0,119.0,429.0,121.0,188.0,289.0,219.0,21.0,20.0,478.0,20.0,25.0,45.0,319.0
104.0,326.0,208.0,223.0,389.0,110.0,329.0,284.0,202.0,402.0,589.0,224.0,116.0,313.0,121.0,0.0,329.0,224.0,105.0,203.0,107.0,103.0,0.0,202.0,347.0,106.0,246.0,276.0,202.0,215.0,425.0,216.0,175.0,245.0,103.0,314.0,299.0,302.0,206.0,258.0,104.0,212.0,111.0,275.0,202.0,208.0,106.0,347.0,202.0,302.0,203.0,204.0,621.0,115.0,202.0,202.0,104.0,105.0,202.0,302.0,202.0,105.0,103.0,202.0,103.0,103.0,202.0,207.0,119.0,302.0,221.0,302.0,250.0,123.0,452.0,248.0,103.0,202.0,619.0,115.0,207.0,347.0,103.0,255.0,448.0,219.0,298.0,202.0,512.0,204.0,271.0,372.0,302.0,104.0,103.0,561.0,103.0,108.0,128.0,402.0
231.0,451.0,333.0,348.0,514.0,235.0,454.0,411.0,27.0,527.0,714.0,349.0,241.0,438.0,246.0,329.0,0.0,349.0,230.0,328.0,232.0,228.0,329.0,327.0,472.0,231.0,371.0,401.0,327.0,340.0,550.0,341.0,300.0,370.0,228.0,439.0,424.0,427.0,331.0,383.0,229.0,337.0,236.0,400.0,327.0,333.0,231.0,472.0,327.0,427.0,328.0,329.0,746.0,240.0,327.0,327.0,229.0,230.0,327.0,427.0,327.0,230.0,228.0,327.0,228.0,228.0,327.0,332.0,244.0,427.0,348.0,427.0,375.0,248.0,577.0,373.0,228.0,327.0,744.0,238.0,332.0,472.0,228.0,380.0,573.0,344.0,423.0,327.0,637.0,329.0,396.0,497.0,427.0,229.0,228.0,686.0,228.0,233.0,253.0,527.0
126.0,346.0,228.0,243.0,409.0,130.0,349.0,306.0,222.0,422.0,609.0,244.0,136.0,333.0,141.0,224.0,349.0,0.0,125.0,223.0,127.0,123.0,224.0,222.0,367.0,126.0,266.0,296.0,222.0,235.0,445.0,236.0,195.0,265.0,123.0,334.0,319.0,322.0,226.0,278.0,124.0,232.0,131.0,295.0,222.0,228.0,126.0,367.0,222.0,322.0,223.0,224.0,641.0,135.0,222.0,222.0,124.0,125.0,222.0,322.0,222.0,125.0,123.0,222.0,123.0,123.0,222.0,227.0,139.0,322.0,243.0,322.0,270.0,143.0,472.0,268.0,123.0,222.0,639.0,135.0,227.0,367.0,123.0,275.0,468.0,239.0,318.0,222.0,532.0,224.0,291.0,392.0,322.0,124.0,123.0,581.0,123.0,128.0,148.0,422.0
7.0,227.0,109.0,124.0,282.0,11.0,230.0,183.0,103.0,303.0,490.0,125.0,17.0,214.0,22.0,105.0,230.0,125.0,0.0,104.0,8.0,4.0,105.0,103.0,248.0,7.0,147.0,177.0,103.0,116.0,326.0,117.0,76.0,146.0,4.0,215.0,200.0,203.0,107.0,159.0,5.0,113.0,12.0,176.0,103.0,109.0,7.0,248.0,103.0,203.0,104.0,105.0,522.0,16.0,103.0,103.0,5.0,6.0,103.0,203.0,103.0,6.0,4.0,103.0,4.0,4.0,103.0,108.0,20.0,203.0,124.0,203.0,151.0,24.0,353.0,149.0,4.0,103.0,520.0,16.0,108.0,248.0,4.0,156.0,349.0,120.0,199.0,103.0,413.0,105.0,172.0,273.0,203.0,5.0,4.0,462.0,4.0,9.0,29.0,303.0
105.0,325.0,207.0,222.0,388.0,109.0,328.0,285.0,201.0,401.0,588.0,223.0,115.0,312.0,120.0,203.0,328.0,223.0,104.0,0.0,106.0,102.0,203.0,201.0,346.0,105.0,245.0,275.0,201.0,214.0,424.0,215.0,174.0,244.0,102.0,313.0,298.0,301.0,205.0,257.0,103.0,211.0,110.0,274.0,201.0,207.0,105.0,346.0,201.0,301.0,202.0,203.0,620.0,114.0,201.0,201.0,103.0,104.0,201.0,301.0,201.0,104.0,102.0,201.0,102.0,102.0,201.0,206.0,118.0,301.0,222.0,301.0,249.0,122.0,451.0,247.0,102.0,201.0,618.0,114.0,206.0,346.0,102.0,254.0,447.0,218.0,297.0,201.0,511.0,203.0,270.0,371.0,301.0,103.0,102.0,560.0,102.0,107.0,127.0,401.0
9.0,229.0,111.0,126.0,292.0,13.0,232.0,189.0,105.0,305.0,492.0,127.0,19.0,216.0,24.0,107.0,232.0,127.0,8.0,106.0,0.0,6.0,107.0,105.0,250.0,9.0,149.0,179.0,105.0,118.0,328.0,119.0,74.0,148.0,6.0,217.0,202.0,205.0,109.0,161.0,7.0,115.0,12.0,178.0,105.0,111.0,9.0,250.0,105.0,205.0,106.0,107.0,524.0,18.0,105.0,105.0,7.0,8.0,105.0,205.0,105.0,8.0,6.0,105.0,6.0,6.0,105.0,110.0,22.0,205.0,126.0,205.0,153.0,26.0,355.0,151.0,6.0,105.0,522.0,18.0,110.0,250.0,6.0,158.0,351.0,122.0,201.0,105.0,415.0,107.0,174.0,275.0,205.0,7.0,6.0,464.0,6.0,11.0,29.0,305.0
5.0,225.0,107.0,122.0,288.0,9.0,228.0,185.0,101.0,301.0,488.0,123.0,15.0,212.0,20.0,103.0,228.0,123.0,4.0,102.0,6.0,0.0,103.0,101.0,246.0,5.0,145.0,175.0,101.0,114.0,324.0,115.0,74.0,144.0,2.0,213.0,198.0,201.0,105.0,157.0,3.0,111.0,10.0,174.0,101.0,107.0,5.0,246.0,101.0,201.0,102.0,103.0,520.0,14.0,101.0,101.0,3.0,4.0,101.0,201.0,101.0,4.0,2.0,101.0,2.0,2.0,101.0,106.0,18.0,201.0,122.0,201.0,149.0,22.0,351.0,147.0,2.0,101.0,518.0,14.0,106.0,246.0,2.0,154.0,347.0,118.0,197.0,101.0,411.0,103.0,170.0,271.0,201.0,3.0,2.0,460.0,2.0,7.0,27.0,301.0
104.0,326.0,208.0,223.0,389.0,110.0,329.0,284.0,202.0,402.0,589.0,224.0,116.0,313.0,121.0,0.0,329.0,224.0,105.0,203.0,107.0,103.0,0.0,202.0,347.0,106.0,246.0,276.0,202.0,215.0,425.0,216.0,175.0,245.0,103.0,314.0,299.0,302.0,206.0,258.0,104.0,212.0,111.0,275.0,202.0,208.0,106.0,347.0,202.0,302.0,203.0,204.0,621.0,115.0,202.0,202.0,104.0,105.0,202.0,302.0,202.0,105.0,103.0,202.0,103.0,103.0,202.0,207.0,119.0,302.0,221.0,302.0,250.0,123.0,452.0,248.0,103.0,202.0,619.0,115.0,207.0,347.0,103.0,255.0,448.0,219.0,298.0,202.0,512.0,204.0,271.0,372.0,302.0,104.0,103.0,561.0,103.0,108.0,128.0,402.0
104.0,324.0,206.0,221.0,387.0,108.0,327.0,284.0,200.0,400.0,587.0,222.0,114.0,311.0,119.0,202.0,327.0,222.0,103.0,201.0,105.0,101.0,202.0,0.0,345.0,104.0,244.0,274.0,200.0,213.0,423.0,214.0,173.0,243.0,101.0,312.0,297.0,300.0,204.0,256.0,102.0,210.0,109.0,273.0,200.0,206.0,104.0,345.0,200.0,300.0,201.0,202.0,619.0,113.0,200.0,200.0,102.0,103.0,200.0,300.0,200.0,103.0,101.0,200.0,101.0,101.0,200.0,205.0,117.0,300.0,221.0,300.0,248.0,121.0,450.0,246.0,101.0,200.0,617.0,113.0,205.0,345.0,101.0,253.0,446.0,217.0,296.0,200.0,510.0,202.0,269.0,370.0,300.0,102.0,101.0,559.0,101.0,106.0,126.0,400.0
249.0,469.0,351.0,366.0,532.0,253.0,472.0,429.0,345.0,545.0,732.0,367.0,259.0,456.0,264.0,347.0,472.0,367.0,248.0,346.0,250.0,246.0,347.0,345.0,0.0,249.0,389.0,419.0,345.0,358.0,568.0,359.0,318.0,388.0,246.0,457.0,442.0,445.0,349.0,401.0,247.0,355.0,254.0,418.0,345.0,351.0,249.0,490.0,345.0,445.0,346.0,347.0,764.0,258.0,345.0,345.0,247.0,248.0,345.0,445.0,345.0,248.0,246.0,345.0,246.0,246.0,345.0,350.0,262.0,445.0,366.0,445.0,393.0,266.0,595.0,391.0,246.0,345.0,762.0,258.0,350.0,490.0,244.0,398.0,591.0,362.0,441.0,345.0,655.0,347.0,414.0,515.0,445.0,247.0,246.0,704.0,246.0,251.0,271.0,545.0
8.0,228.0,110.0,125.0,291.0,12.0,231.0,188.0,104.0,304.0,491.0,126.0,18.0,215.0,23.0,106.0,231.0,126.0,7.0,105.0,9.0,5.0,106.0,104.0,249.0,0.0,148.0,176.0,104.0,117.0,327.0,118.0,75.0,147.0,5.0,216.0,201.0,204.0,108.0,160.0,6.0,114.0,13.0,177.0,104.0,110.0,8.0,249.0,104.0,204.0,105.0,106.0,523.0,17.0,104.0,104.0,6.0,5.0,104.0,204.0,104.0,7.0,5.0,104.0,5.0,5.0,104.0,109.0,21.0,204.0,125.0,204.0,152.0,25.0,354.0,150.0,5.0,104.0,521.0,17.0,109.0,249.0,5.0,157.0,350.0,121.0,200.0,104.0,414.0,106.0,173.0,274.0,204.0,6.0,5.0,463.0,5.0,10.0,30.0,304.0
148.0,368.0,250.0,265.0,431.0,152.0,371.0,328.0,244.0,444.0,631.0,266.0,158.0,355.0,163.0,246.0,371.0,266.0,147.0,245.0,149.0,145.0,246.0,244.0,389.0,148.0,0.0,318.0,244.0,257.0,467.0,258.0,217.0,287.0,145.0,356.0,341.0,344.0,248.0,300.0,146.0,254.0,153.0,317.0,244.0,250.0,148.0,389.0,244.0,344.0,245.0,246.0,663.0,157.0,244.0,244.0,146.0,147.0,244.0,344.0,244.0,147.0,145.0,244.0,145.0,145.0,244.0,249.0,161.0,344.0,265.0,344.0,292.0,165.0,494.0,290.0,145.0,244.0,661.0,157.0,249.0,389.0,145.0,297.0,490.0,261.0,340.0,244.0,554.0,246.0,313.0,414.0,344.0,146.0,145.0,603.0,145.0,150.0,170.0,444.0
178.0,398.0,280.0,295.0,461.0,182.0,401.0,358.0,274.0,474.0,659.0,296.0,188.0,385.0,193.0,276.0,401.0,296.0,177.0,275.0,179.0,175.0,276.0,274.0,419.0,176.0,318.0,0.0,274.0,287.0,497.0,288.0,247.0,317.0,175.0,386.0,371.0,374.0,278.0,330.0,176.0,284.0,183.0,347.0,274.0,280.0,178.0,419.0,274.0,374.0,275.0,276.0,693.0,187.0,274.0,274.0,176.0,177.0,274.0,374.0,274.0,177.0,175.0,274.0,175.0,175.0,274.0,279.0,191.0,374.0,295.0,374.0,322.0,195.0,524.0,320.0,175.0,274.0,691.0,187.0,279.0,419.0,175.0,327.0,520.0,291.0,370.0,274.0,584.0,276.0,343.0,444.0,374.0,176.0,175.0,633.0,175.0,180.0,200.0,474.0
104.0,324.0,206.0,221.0,387.0,108.0,327.0,284.0,200.0,400.0,587.0,222.0,114.0,311.0,119.0,202.0,327.0,222.0,103.0,201.0,105.0,101.0,202.0,200.0,345.0,104.0,244.0,274.0,0.0,213.0,423.0,214.0,173.0,243.0,101.0,312.0,297.0,300.0,204.0,256.0,102.0,210.0,109.0,273.0,200.0,206.0,104.0,345.0,200.0,300.0,201.0,202.0,619.0,113.0,200.0,200.0,102.0,103.0,200.0,300.0,200.0,103.0,101.0,200.0,101.0,101.0,200.0,205.0,117.0,300.0,221.0,300.0,248.0,121.0,450.0,246.0,101.0,200.0,617.0,113.0,205.0,345.0,101.0,253.0,446.0,217.0,296.0,200.0,510.0,202.0,269.0,370.0,300.0,102.0,101.0,559.0,101.0,106.0,126.0,400.0
117.0,337.0,219.0,234.0,400.0,121.0,340.0,297.0,213.0,413.0,600.0,235.0,127.0,322.0,132.0,215.0,340.0,235.0,116.0,214.0,118.0,114.0,215.0,213.0,358.0,117.0,257.0,287.0,213.0,0.0,436.0,227.0,186.0,256.0,114.0,321.0,310.0,313.0,217.0,269.0,115.0,223.0,122.0,286.0,213.0,219.0,117.0,358.0,213.0,313.0,214.0,215.0,632.0,126.0,213.0,213.0,115.0,116.0,213.0,313.0,213.0,116.0,114.0,213.0,114.0,114.0,213.0,218.0,130.0,313.0,234.0,313.0,261.0,134.0,463.0,257.0,114.0,213.0,630.0,126.0,218.0,358.0,114.0,266.0,459.0,230.0,309.0,213.0,523.0,215.0,282.0,383.0,313.0,115.0,114.0,572.0,114.0,119.0,139.0,413.0
327.0,547.0,429.0,444.0,610.0,331.0,550.0,507.0,423.0,623.0,810.0,445.0,337.0,534.0,342.0,425.0,550.0,445.0,326.0,424.0,328.0,324.0,425.0,423.0,568.0,327.0,467.0,497.0,423.0,436.0,0.0,437.0,396.0,466.0,324.0,535.0,520.0,523.0,427.0,479.0,325.0,433.0,332.0,496.0,423.0,429.0,327.0,568.0,423.0,523.0,424.0,425.0,842.0,336.0,423.0,423.0,325.0,326.0,423.0,523.0,423.0,326.0,324.0,423.0,324.0,324.0,423.0,428.0,340.0,523.0,444.0,523.0,467.0,344.0,673.0,469.0,324.0,423.0,840.0,336.0,428.0,568.0,324.0,476.0,669.0,440.0,519.0,423.0,733.0,425.0,492.0,593.0,523.0,325.0,324.0,782.0,324.0,329.0,349.0,623.0
118.0,338.0,220.0,235.0,401.0,122.0,341.0,298.0,214.0,414.0,601.0,236.0,128.0,325.0,133.0,216.0,341.0,236.0,117.0,215.0,119.0,115.0,216.0,214.0,359.0,118.0,258.0,288.0,214.0,227.0,437.0,0.0,187.0,257.0,115.0,326.0,311.0,314.0,218.0,270.0,116.0,224.0,123.0,287.0,214.0,220.0,118.0,359.0,214.0,314.0,215.0,216.0,633.0,127.0,214.0,214.0,116.0,117.0,214.0,314.0,214.0,117.0,115.0,214.0,115.0,115.0,214.0,219.0,131.0,314.0,235.0,314.0,262.0,135.0,464.0,260.0,115.0,214.0,631.0,127.0,219.0,359.0,115.0,267.0,460.0,231.0,310.0,214.0,524.0,216.0,283.0,384.0,314.0,116.0,115.0,573.0,115.0,120.0,140.0,414.0
77.0,295.0,179.0,194.0,358.0,81.0,300.0,245.0,173.0,373.0,560.0,195.0,87.0,284.0,92.0,175.0,300.0,195.0,76.0,174.0,74.0,74.0,175.0,173.0,318.0,75.0,217.0,247.0,173.0,186.0,396.0,187.0,0.0,216.0,74.0,285.0,270.0,273.0,177.0,229.0,75.0,183.0,82.0,246.0,173.0,179.0,77.0,318.0,173.0,273.0,174.0,175.0,592.0,86.0,173.0,173.0,75.0,76.0,173.0,273.0,173.0,76.0,74.0,173.0,74.0,74.0,173.0,178.0,90.0,271.0,194.0,273.0,221.0,92.0,423.0,219.0,74.0,173.0,590.0,86.0,178.0,318.0,74.0,226.0,419.0,188.0,269.0,173.0,483.0,173.0,242.0,343.0,273.0,75.0,74.0,532.0,74.0,79.0,99.0,373.0
147.0,367.0,249.0,264.0,430.0,151.0,370.0,327.0,243.0,443.0,630.0,265.0,157.0,354.0,162.0,245.0,370.0,265.0,146.0,244.0,148.0,144.0,245.0,243.0,388.0,147.0,287.0,317.0,243.0,256.0,466.0,257.0,216.0,0.0,144.0,355.0,340.0,343.0,247.0,299.0,145.0,253.0,148.0,316.0,243.0,249.0,147.0,388.0,243.0,343.0,244.0,245.0,662.0,156.0,243.0,243.0,145.0,146.0,243.0,343.0,243.0,146.0,144.0,243.0,144.0,144.0,243.0,248.0,160.0,339.0,264.0,343.0,291.0,164.0,493.0,289.0,144.0,243.0,660.0,156.0,248.0,388.0,144.0,296.0,489.0,238.0,339.0,243.0,553.0,245.0,312.0,413.0,343.0,145.0,144.0,602.0,144.0,149.0,169.0,443.0
5.0,225.0,107.0,122.0,288.0,9.0,228.0,185.0,101.0,301.0,488.0,123.0,15.0,212.0,20.0,103.0,228.0,123.0,4.0,102.0,6.0,2.0,103.0,101.0,246.0,5.0,145.0,175.0,101.0,114.0,324.0,115.0,74.0,144.0,0.0,213.0,198.0,201.0,105.0,157.0,3.0,111.0,10.0,174.0,101.0,107.0,5.0,246.0,101.0,201.0,102.0,103.0,520.0,14.0,101.0,101.0,3.0,4.0,101.0,201.0,101.0,4.0,2.0,101.0,2.0,2.0,101.0,106.0,18.0,201.0,122.0,201.0,149.0,22.0,351.0,147.0,2.0,101.0,518.0,14.0,106.0,246.0,2.0,154.0,347.0,118.0,197.0,101.0,411.0,103.0,170.0,271.0,201.0,3.0,2.0,460.0,2.0,7.0,27.0,301.0
216.0,432.0,318.0,333.0,499.0,220.0,439.0,396.0,312.0,512.0,699.0,334.0,226.0,423.0,231.0,314.0,439.0,334.0,215.0,313.0,217.0,213.0,314.0,312.0,457.0,216.0,356.0,386.0,312.0,321.0,535.0,326.0,285.0,355.0,213.0,0.0,409.0,412.0,316.0,368.0,214.0,322.0,221.0,385.0,312.0,318.0,216.0,457.0,312.0,412.0,313.0,314.0,731.0,225.0,312.0,312.0,214.0,215.0,312.0,412.0,312.0,215.0,213.0,312.0,211.0,213.0,312.0,317.0,229.0,412.0,333.0,412.0,360.0,233.0,562.0,356.0,213.0,312.0,729.0,225.0,317.0,457.0,213.0,365.0,558.0,329.0,408.0,312.0,622.0,314.0,381.0,482.0,412.0,214.0,213.0,671.0,213.0,218.0,238.0,512.0
201.0,421.0,303.0,318.0,484.0,205.0,424.0,381.0,297.0,497.0,684.0,319.0,211.0,408.0,216.0,299.0,424.0,319.0,200.0,298.0,202.0,198.0,299.0,297.0,442.0,201.0,341.0,371.0,297.0,310.0,520.0,311.0,270.0,340.0,198.0,409.0,0.0,397.0,301.0,353.0,199.0,307.0,206.0,370.0,297.0,303.0,201.0,442.0,297.0,397.0,298.0,299.0,716.0,210.0,297.0,297.0,199.0,200.0,297.0,397.0,297.0,200.0,198.0,297.0,198.0,198.0,297.0,302.0,214.0,397.0,318.0,397.0,345.0,218.0,547.0,343.0,198.0,297.0,714.0,210.0,302.0,442.0,198.0,350.0,543.0,314.0,393.0,297.0,607.0,299.0,366.0,467.0,397.0,199.0,198.0,656.0,198.0,203.0,223.0,497.0
204.0,424.0,306.0,321.0,487.0,208.0,427.0,384.0,300.0,500.0,687.0,322.0,214.0,411.0,219.0,302.0,427.0,322.0,203.0,301.0,205.0,201.0,302.0,300.0,445.0,204.0,344.0,374.0,300.0,313.0,523.0,314.0,273.0,343.0,201.0,412.0,397.0,0.0,304.0,356.0,202.0,310.0,209.0,373.0,300.0,306.0,204.0,445.0,300.0,400.0,301.0,302.0,719.0,213.0,300.0,300.0,202.0,203.0,300.0,400.0,300.0,203.0,201.0,300.0,201.0,201.0,300.0,305.0,217.0,400.0,321.0,400.0,348.0,221.0,550.0,346.0,201.0,300.0,717.0,213.0,305.0,445.0,201.0,353.0,546.0,317.0,396.0,300.0,610.0,302.0,369.0,470.0,400.0,202.0,201.0,659.0,201.0,206.0,226.0,500.0
108.0,328.0,210.0,225.0,391.0,112.0,331.0,288.0,204.0,404.0,591.0,226.0,118.0,315.0,123.0,206.0,331.0,226.0,107.0,205.0,109.0,105.0,206.0,204.0,349.0,108.0,248.0,278.0,204.0,217.0,427.0,218.0,177.0,247.0,105.0,316.0,301.0,304.0,0.0,260.0,106.0,214.0,113.0,277.0,204.0,210.0,108.0,349.0,204.0,304.0,205.0,206.0,623.0,117.0,204.0,204.0,106.0,107.0,204.0,304.0,204.0,107.0,105.0,204.0,105.0,105.0,204.0,209.0,121.0,304.0,225.0,304.0,252.0,125.0,454.0,250.0,105.0,204.0,621.0,117.0,209.0,349.0,105.0,257.0,450.0,221.0,300.0,204.0,514.0,206.0,273.0,374.0,304.0,106.0,105.0,563.0,105.0,110.0,130.0,404.0
160.0,380.0,262.0,277.0,443.0,164.0,383.0,340.0,256.0,456.0,643.0,278.0,170.0,367.0,175.0,258.0,383.0,278.0,159.0,257.0,161.0,157.0,258.0,256.0,401.0,160.0,300.0,330.0,256.0,269.0,479.0,270.0,229.0,299.0,157.0,368.0,353.0,356.0,260.0,0.0,158.0,266.0,165.0,329.0,256.0,262.0,160.0,401.0,256.0,356.0,257.0,258.0,675.0,165.0,256.0,256.0,158.0,159.0,256.0,356.0,256.0,159.0,157.0,256.0,157.0,157.0,256.0,261.0,173.0,356.0,277.0,356.0,304.0,177.0,502.0,302.0,157.0,256.0,673.0,169.0,261.0,399.0,157.0,309.0,502.0,273.0,352.0,256.0,566.0,258.0,325.0,426.0,356.0,158.0,157.0,615.0,157.0,162.0,182.0,456.0
6.0,226.0,108.0,123.0,289.0,10.0,229.0,186.0,102.0,302.0,489.0,124.0,16.0,213.0,21.0,104.0,229.0,124.0,5.0,103.0,7.0,3.0,104.0,102.0,247.0,6.0,146.0,176.0,102.0,115.0,325.0,116.0,75.0,145.0,3.0,214.0,199.0,202.0,106.0,158.0,0.0,112.0,11.0,175.0,102.0,108.0,6.0,247.0,102.0,202.0,103.0,104.0,521.0,15.0,102.0,102.0,4.0,5.0,102.0,202.0,102.0,5.0,3.0,102.0,3.0,3.0,102.0,107.0,19.0,202.0,123.0,202.0,150.0,23.0,352.0,148.0,3.0,102.0,519.0,15.0,107.0,247.0,3.0,155.0,348.0,119.0,198.0,102.0,412.0,104.0,171.0,272.0,202.0,4.0,3.0,461.0,3.0,8.0,28.0,302.0
114.0,326.0,216.0,231.0,397.0,118.0,337.0,294.0,210.0,410.0,597.0,232.0,124.0,321.0,129.0,212.0,337.0,232.0,113.0,211.0,115.0,111.0,212.0,210.0,355.0,114.0,254.0,284.0,210.0,223.0,433.0,224.0,183.0,253.0,111.0,322.0,307.0,310.0,214.0,266.0,112.0,0.0,119.0,283.0,210.0,216.0,114.0,355.0,210.0,310.0,211.0,212.0,629.0,123.0,210.0,210.0,112.0,113.0,210.0,310.0,210.0,113.0,111.0,210.0,111.0,111.0,210.0,215.0,127.0,310.0,231.0,310.0,258.0,115.0,460.0,256.0,111.0,210.0,627.0,123.0,215.0,355.0,111.0,263.0,456.0,207.0,306.0,210.0,520.0,212.0,279.0,380.0,310.0,112.0,111.0,569.0,111.0,116.0,136.0,410.0
13.0,233.0,115.0,130.0,296.0,17.0,236.0,193.0,109.0,309.0,496.0,131.0,23.0,220.0,28.0,111.0,236.0,131.0,12.0,110.0,12.0,10.0,111.0,109.0,254.0,13.0,153.0,183.0,109.0,122.0,332.0,123.0,82.0,148.0,10.0,221.0,206.0,209.0,113.0,165.0,11.0,119.0,0.0,182.0,109.0,115.0,13.0,254.0,109.0,209.0,110.0,111.0,528.0,22.0,109.0,109.0,11.0,12.0,109.0,209.0,109.0,12.0,10.0,109.0,10.0,10.0,109.0,114.0,26.0,209.0,130.0,209.0,157.0,30.0,359.0,155.0,10.0,109.0,526.0,22.0,114.0,254.0,10.0,162.0,355.0,126.0,205.0,109.0,419.0,111.0,178.0,279.0,209.0,9.0,10.0,468.0,10.0,15.0,33.0,309.0
177.0,397.0,279.0,294.0,460.0,181.0,400.0,357.0,273.0,473.0,660.0,295.0,187.0,384.0,192.0,275.0,400.0,295.0,176.0,274.0,178.0,174.0,275.0,273.0,418.0,177.0,317.0,347.0,273.0,286.0,496.0,287.0,246.0,316.0,174.0,385.0,370.0,373.0,277.0,329.0,175.0,283.0,182.0,0.0,273.0,279.0,177.0,418.0,273.0,373.0,274.0,275.0,692.0,186.0,273.0,273.0,175.0,176.0,273.0,373.0,273.0,176.0,174.0,273.0,174.0,174.0,273.0,278.0,190.0,373.0,294.0,373.0,321.0,194.0,523.0,319.0,174.0,273.0,690.0,186.0,278.0,418.0,174.0,326.0,519.0,290.0,369.0,273.0,583.0,275.0,342.0,443.0,373.0,175.0,174.0,632.0,174.0,179.0,199.0,473.0
104.0,324.0,206.0,221.0,387.0,108.0,327.0,284.0,200.0,400.0,587.0,222.0,114.0,311.0,119.0,202.0,327.0,222.0,103.0,201.0,105.0,101.0,202.0,200.0,345.0,104.0,244.0,274.0,200.0,213.0,423.0,214.0,173.0,243.0,101.0,312.0,297.0,300.0,204.0,256.0,102.0,210.0,109.0,273.0,0.0,206.0,104.0,345.0,200.0,300.0,201.0,202.0,619.0,113.0,200.0,200.0,102.0,103.0,200.0,300.0,200.0,103.0,101.0,200.0,101.0,101.0,200.0,205.0,117.0,300.0,221.0,300.0,248.0,121.0,450.0,246.0,101.0,200.0,617.0,113.0,205.0,345.0,101.0,253.0,446.0,217.0,296.0,200.0,510.0,202.0,269.0,370.0,300.0,102.0,101.0,559.0,101.0,106.0,126.0,400.0
110.0,330.0,212.0,227.0,393.0,114.0,333.0,290.0,206.0,406.0,593.0,228.0,120.0,317.0,125.0,208.0,333.0,228.0,109.0,207.0,111.0,107.0,208.0,206.0,351.0,110.0,250.0,280.0,206.0,219.0,429.0,220.0,179.0,249.0,107.0,318.0,303.0,306.0,210.0,262.0,108.0,216.0,115.0,279.0,206.0,0.0,110.0,351.0,206.0,306.0,207.0,208.0,625.0,119.0,206.0,206.0,108.0,109.0,206.0,306.0,206.0,109.0,107.0,206.0,107.0,107.0,206.0,211.0,123.0,306.0,227.0,306.0,254.0,127.0,456.0,252.0,107.0,206.0,623.0,119.0,211.0,351.0,107.0,259.0,452.0,223.0,302.0,206.0,516.0,208.0,275.0,376.0,306.0,108.0,107.0,565.0,107.0,112.0,132.0,406.0
8.0,228.0,110.0,125.0,291.0,12.0,231.0,188.0,104.0,304.0,491.0,126.0,18.0,215.0,23.0,106.0,231.0,126.0,7.0,105.0,9.0,5.0,106.0,104.0,249.0,8.0,148.0,178.0,104.0,117.0,327.0,118.0,77.0,147.0,5.0,216.0,201.0,204.0,108.0,160.0,6.0,114.0,13.0,177.0,104.0,110.0,0.0,249.0,104.0,204.0,105.0,106.0,523.0,17.0,104.0,104.0,6.0,7.0,104.0,204.0,104.0,7.0,5.0,104.0,5.0,5.0,104.0,109.0,21.0,204.0,125.0,204.0,152.0,25.0,354.0,150.0,5.0,104.0,521.0,17.0,109.0,249.0,5.0,157.0,350.0,121.0,200.0,104.0,414.0,106.0,173.0,274.0,204.0,6.0,5.0,463.0,5.0,10.0,30.0,304.0
249.0,467.0,351.0,366.0,532.0,253.0,472.0,429.0,345.0,545.0,732.0,367.0,259.0,454.0,264.0,347.0,472.0,367.0,248.0,346.0,250.0,246.0,347.0,345.0,490.0,249.0,389.0,419.0,345.0,358.0,568.0,359.0,318.0,388.0,246.0,457.0,442.0,445.0,349.0,401.0,247.0,355.0,254.0,418.0,345.0,351.0,249.0,0.0,345.0,445.0,346.0,347.0,764.0,258.0,345.0,345.0,247.0,248.0,345.0,445.0,345.0,248.0,246.0,345.0,246.0,246.0,345.0,350.0,262.0,445.0,366.0,445.0,393.0,264.0,595.0,391.0,246.0,345.0,762.0,258.0,350.0,490.0,246.0,398.0,591.0,362.0,441.0,345.0,655.0,347.0,414.0,515.0,445.0,247.0,246.0,704.0,246.0,251.0,271.0,545.0
104.0,324.0,206.0,221.0,387.0,108.0,327.0,284.0,200.0,400.0,587.0,222.0,114.0,311.0,119.0,202.0,327.0,222.0,103.0,201.0,105.0,101.0,202.0,200.0,345.0,104.0,244.0,274.0,200.0,213.0,423.0,214.0,173.0,243.0,101.0,312.0,297.0,300.0,204.0,256.0,102.0,210.0,109.0,273.0,200.0,206.0,104.0,345.0,0.0,300.0,201.0,202.0,619.0,113.0,200.0,200.0,102.0,103.0,200.0,300.0,200.0,103.0,101.0,200.0,101.0,101.0,200.0,205.0,117.0,300.0,221.0,300.0,248.0,121.0,450.0,246.0,101.0,200.0,617.0,113.0,205.0,345.0,101.0,253.0,446.0,217.0,296.0,200.0,510.0,202.0,269.0,370.0,300.0,102.0,101.0,559.0,101.0,106.0,126.0,400.0
204.0,424.0,306.0,321.0,487.0,208.0,427.0,384.0,300.0,500.0,687.0,322.0,214.0,411.0,219.0,302.0,427.0,322.0,203.0,301.0,205.0,201.0,302.0,300.0,445.0,204.0,344.0,374.0,300.0,313.0,523.0,314.0,273.0,343.0,201.0,412.0,397.0,400.0,304.0,356.0,202.0,310.0,209.0,373.0,300.0,306.0,204.0,445.0,300.0,0.0,301.0,302.0,719.0,213.0,300.0,300.0,202.0,203.0,300.0,400.0,300.0,203.0,201.0,300.0,201.0,201.0,300.0,305.0,217.0,400.0,321.0,400.0,348.0,221.0,550.0,346.0,201.0,300.0,717.0,213.0,305.0,445.0,201.0,353.0,546.0,317.0,396.0,300.0,610.0,302.0,369.0,470.0,400.0,202.0,201.0,659.0,201.0,206.0,226.0,500.0
105.0,325.0,207.0,222.0,388.0,109.0,328.0,285.0,201.0,401.0,588.0,223.0,115.0,312.0,120.0,203.0,328.0,223.0,104.0,202.0,106.0,102.0,203.0,201.0,346.0,105.0,245.0,275.0,201.0,214.0,424.0,215.0,174.0,244.0,102.0,313.0,298.0,301.0,205.0,257.0,103.0,211.0,110.0,274.0,201.0,207.0,105.0,346.0,201.0,301.0,0.0,203.0,620.0,114.0,201.0,201.0,103.0,104.0,201.0,301.0,201.0,104.0,102.0,201.0,102.0,102.0,201.0,206.0,118.0,301.0,222.0,301.0,249.0,122.0,451.0,247.0,102.0,201.0,618.0,114.0,206.0,346.0,102.0,254.0,447.0,218.0,297.0,201.0,511.0,203.0,270.0,371.0,301.0,103.0,102.0,560.0,102.0,107.0,127.0,401.0
106.0,326.0,208.0,223.0,389.0,110.0,329.0,286.0,202.0,402.0,589.0,224.0,116.0,313.0,121.0,204.0,329.0,224.0,105.0,203.0,107.0,103.0,204.0,202.0,347.0,106.0,246.0,276.0,202.0,215.0,425.0,216.0,175.0,245.0,103.0,314.0,299.0,302.0,206.0,258.0,104.0,212.0,111.0,275.0,202.0,208.0,106.0,347.0,202.0,302.0,203.0,0.0,621.0,115.0,202.0,202.0,104.0,105.0,202.0,302.0,202.0,105.0,103.0,202.0,103.0,103.0,202.0,207.0,119.0,302.0,223.0,302.0,250.0,123.0,452.0,248.0,103.0,202.0,619.0,115.0,207.0,347.0,103.0,255.0,448.0,219.0,298.0,202.0,512.0,204.0,271.0,372.0,302.0,104.0,103.0,561.0,103.0,108.0,128.0,402.0
523.0,743.0,625.0,640.0,806.0,525.0,746.0,703.0,619.0,819.0,1006.0,641.0,533.0,730.0,538.0,621.0,746.0,641.0,522.0,620.0,524.0,520.0,621.0,619.0,764.0,523.0,663.0,693.0,619.0,632.0,842.0,633.0,592.0,662.0,520.0,731.0,716.0,719.0,623.0,675.0,521.0,629.0,528.0,692.0,619.0,625.0,523.0,764.0,619.0,719.0,620.0,621.0,0.0,532.0,619.0,619.0,521.0,522.0,619.0,719.0,619.0,522.0,520.0,619.0,520.0,520.0,619.0,624.0,536.0,719.0,640.0,719.0,667.0,540.0,869.0,665.0,520.0,619.0,1036.0,532.0,624.0,764.0,520.0,672.0,865.0,636.0,715.0,619.0,929.0,621.0,688.0,789.0,719.0,521.0,520.0,978.0,520.0,525.0,545.0,819.0
17.0,237.0,119.0,134.0,300.0,21.0,240.0,193.0,113.0,313.0,500.0,135.0,27.0,224.0,32.0,115.0,240.0,135.0,16.0,114.0,18.0,14.0,115.0,113.0,258.0,17.0,157.0,187.0,113.0,126.0,336.0,127.0,86.0,156.0,14.0,225.0,210.0,213.0,117.0,165.0,15.0,123.0,22.0,186.0,113.0,119.0,17.0,258.0,113.0,213.0,114.0,115.0,532.0,0.0,113.0,113.0,15.0,16.0,113.0,213.0,113.0,16.0,14.0,113.0,14.0,14.0,113.0,118.0,30.0,213.0,134.0,213.0,161.0,34.0,361.0,151.0,14.0,113.0,530.0,26.0,118.0,258.0,14.0,166.0,359.0,130.0,209.0,113.0,419.0,115.0,182.0,283.0,213.0,15.0,14.0,472.0,14.0,19.0,39.0,313.0
104.0,324.0,206.0,221.0,387.0,108.0,327.0,284.0,200.0,400.0,587.0,222.0,114.0,311.0,119.0,202.0,327.0,222.0,103.0,201.0,105.0,101.0,202.0,200.0,345.0,104.0,244.0,274.0,200.0,213.0,423.0,214.0,173.0,243.0,101.0,312.0,297.0,300.0,204.0,256.0,102.0,210.0,109.0,273.0,200.0,206.0,104.0,345.0,200.0,300.0,201.0,202.0,619.0,113.0,0.0,200.0,102.0,103.0,200.0,300.0,200.0,83.0,101.0,200.0,101.0,101.0,200.0,205.0,117.0,300.0,221.0,300.0,248.0,121.0,450.0,246.0,101.0,200.0,617.0,73.0,205.0,345.0,101.0,253.0,446.0,217.0,296.0,200.0,510.0,202.0,269.0,370.0,300.0,102.0,101.0,559.0,101.0,106.0,126.0,400.0
104.0,324.0,206.0,221.0,387.0,108.0,327.0,284.0,200.0,400.0,587.0,222.0,114.0,311.0,119.0,202.0,327.0,222.0,103.0,201.0,105.0,101.0,202.0,200.0,345.0,104.0,244.0,274.0,200.0,213.0,423.0,214.0,173.0,243.0,101.0,312.0,297.0,300.0,204.0,256.0,102.0,210.0,109.0,273.0,200.0,206.0,104.0,345.0,200.0,300.0,201.0,202.0,619.0,113.0,200.0,0.0,102.0,103.0,200.0,300.0,200.0,103.0,101.0,200.0,101.0,101.0,200.0,205.0,117.0,300.0,221.0,300.0,248.0,121.0,450.0,246.0,101.0,200.0,617.0,113.0,205.0,345.0,101.0,253.0,446.0,217.0,296.0,200.0,510.0,202.0,269.0,370.0,300.0,102.0,101.0,559.0,101.0,106.0,126.0,400.0
6.0,226.0,108.0,123.0,289.0,10.0,229.0,186.0,102.0,302.0,489.0,124.0,16.0,213.0,21.0,104.0,229.0,124.0,5.0,103.0,7.0,3.0,104.0,102.0,247.0,6.0,146.0,176.0,102.0,115.0,325.0,116.0,75.0,145.0,3.0,214.0,199.0,202.0,106.0,158.0,4.0,112.0,11.0,175.0,102.0,108.0,6.0,247.0,102.0,202.0,103.0,104.0,521.0,15.0,102.0,102.0,0.0,5.0,102.0,202.0,102.0,5.0,3.0,102.0,3.0,3.0,102.0,107.0,19.0,202.0,123.0,202.0,150.0,23.0,352.0,148.0,3.0,102.0,519.0,15.0,107.0,247.0,3.0,155.0,348.0,119.0,198.0,102.0,412.0,104.0,171.0,272.0,202.0,4.0,3.0,461.0,3.0,8.0,28.0,302.0
7.0,227.0,109.0,124.0,290.0,11.0,230.0,187.0,103.0,303.0,490.0,125.0,17.0,214.0,22.0,105.0,230.0,125.0,6.0,104.0,8.0,4.0,105.0,103.0,248.0,5.0,147.0,177.0,103.0,116.0,326.0,117.0,76.0,146.0,4.0,215.0,200.0,203.0,107.0,159.0,5.0,113.0,12.0,176.0,103.0,109.0,7.0,248.0,103.0,203.0,104.0,105.0,522.0,16.0,103.0,103.0,5.0,0.0,103.0,203.0,103.0,6.0,4.0,103.0,4.0,4.0,103.0,108.0,20.0,203.0,124.0,203.0,151.0,24.0,353.0,149.0,4.0,103.0,520.0,16.0,108.0,248.0,4.0,156.0,349.0,120.0,199.0,103.0,413.0,105.0,172.0,273.0,203.0,5.0,4.0,462.0,4.0,9.0,29.0,303.0
104.0,324.0,206.0,221.0,387.0,108.0,327.0,284.0,200.0,400.0,587.0,222.0,114.0,311.0,119.0,202.0,327.0,222.0,103.0,201.0,105.0,101.0,202.0,200.0,345.0,104.0,244.0,274.0,200.0,213.0,423.0,214.0,173.0,243.0,101.0,312.0,297.0,300.0,204.0,256.0,102.0,210.0,109.0,273.0,200.0,206.0,104.0,345.0,200.0,300.0,201.0,202.0,619.0,113.0,200.0,200.0,102.0,103.0,0.0,300.0,0.0,103.0,101.0,200.0,101.0,101.0,200.0,205.0,117.0,300.0,221.0,300.0,248.0,121.0,450.0,246.0,101.0,200.0,617.0,113.0,205.0,345.0,101.0,253.0,446.0,217.0,296.0,200.0,510.0,202.0,269.0,370.0,300.0,102.0,101.0,559.0,101.0,106.0,126.0,400.0
204.0,424.0,306.0,321.0,487.0,208.0,427.0,384.0,300.0,500.0,687.0,322.0,214.0,411.0,219.0,302.0,427.0,322.0,203.0,301.0,205.0,201.0,302.0,300.0,445.0,204.0,344.0,374.0,300.0,313.0,523.0,314.0,273.0,343.0,201.0,412.0,397.0,400.0,304.0,356.0,202.0,310.0,209.0,373.0,300.0,306.0,204.0,445.0,300.0,400.0,301.0,302.0,719.0,213.0,300.0,300.0,202.0,203.0,300.0,0.0,300.0,203.0,201.0,300.0,201.0,201.0,300.0,305.0,217.0,400.0,321.0,400.0,348.0,221.0,550.0,346.0,201.0,300.0,717.0,213.0,305.0,445.0,201.0,353.0,546.0,317.0,396.0,300.0,610.0,302.0,369.0,470.0,400.0,202.0,201.0,659.0,201.0,206.0,226.0,500.0
104.0,324.0,206.0,221.0,387.0,108.0,327.0,284.0,200.0,400.0,587.0,222.0,114.0,311.0,119.0,202.0,327.0,222.0,103.0,201.0,105.0,101.0,202.0,200.0,345.0,104.0,244.0,274.0,200.0,213.0,423.0,214.0,173.0,243.0,101.0,312.0,297.0,300.0,204.0,256.0,102.0,210.0,109.0,273.0,200.0,206.0,104.0,345.0,200.0,300.0,201.0,202.0,619.0,113.0,200.0,200.0,102.0,103.0,0.0,300.0,0.0,103.0,101.0,200.0,101.0,101.0,200.0,205.0,117.0,300.0,221.0,300.0,248.0,121.0,450.0,246.0,101.0,200.0,617.0,113.0,205.0,345.0,101.0,253.0,446.0,217.0,296.0,200.0,510.0,202.0,269.0,370.0,300.0,102.0,101.0,559.0,101.0,106.0,126.0,400.0
7.0,227.0,109.0,124.0,290.0,11.0,230.0,187.0,103.0,303.0,490.0,125.0,17.0,214.0,22.0,105.0,230.0,125.0,6.0,104.0,8.0,4.0,105.0,103.0,248.0,7.0,147.0,177.0,103.0,116.0,326.0,117.0,76.0,146.0,4.0,215.0,200.0,203.0,107.0,159.0,5.0,113.0,12.0,176.0,103.0,109.0,7.0,248.0,103.0,203.0,104.0,105.0,522.0,16.0,83.0,103.0,5.0,6.0,103.0,203.0,103.0,0.0,4.0,103.0,4.0,4.0,103.0,108.0,20.0,203.0,124.0,203.0,151.0,24.0,353.0,149.0,4.0,103.0,520.0,10.0,108.0,248.0,4.0,156.0,349.0,120.0,199.0,103.0,413.0,105.0,172.0,273.0,203.0,5.0,4.0,462.0,4.0,9.0,29.0,303.0
5.0,225.0,107.0,122.0,288.0,9.0,228.0,185.0,101.0,301.0,488.0,123.0,15.0,212.0,20.0,103.0,228.0,123.0,4.0,102.0,6.0,2.0,103.0,101.0,246.0,5.0,145.0,175.0,101.0,114.0,324.0,115.0,74.0,144.0,2.0,213.0,198.0,201.0,105.0,157.0,3.0,111.0,10.0,174.0,101.0,107.0,5.0,246.0,101.0,201.0,102.0,103.0,520.0,14.0,101.0,101.0,3.0,4.0,101.0,201.0,101.0,4.0,0.0,101.0,2.0,2.0,101.0,106.0,18.0,201.0,122.0,201.0,149.0,22.0,351.0,147.0,2.0,101.0,518.0,14.0,106.0,246.0,2.0,154.0,347.0,118.0,197.0,101.0,411.0,103.0,170.0,271.0,201.0,3.0,2.0,460.0,2.0,7.0,27.0,301.0
104.0,324.0,206.0,221.0,387.0,108.0,327.0,284.0,200.0,400.0,587.0,222.0,114.0,311.0,119.0,202.0,327.0,222.0,103.0,201.0,105.0,101.0,202.0,200.0,345.0,104.0,244.0,274.0,200.0,213.0,423.0,214.0,173.0,243.0,101.0,312.0,297.0,300.0,204.0,256.0,102.0,210.0,109.0,273.0,200.0,206.0,104.0,345.0,200.0,300.0,201.0,202.0,619.0,113.0,200.0,200.0,102.0,103.0,200.0,300.0,200.0,103.0,101.0,0.0,101.0,101.0,200.0,205.0,117.0,300.0,221.0,300.0,248.0,121.0,450.0,246.0,101.0,200.0,617.0,113.0,205.0,345.0,101.0,253.0,446.0,217.0,296.0,0.0,510.0,202.0,269.0,370.0,300.0,102.0,101.0,559.0,101.0,106.0,126.0,400.0
5.0,225.0,107.0,122.0,288.0,9.0,228.0,185.0,101.0,301.0,488.0,123.0,15.0,212.0,20.0,103.0,228.0,123.0,4.0,102.0,6.0,2.0,103.0,101.0,246.0,5.0,145.0,175.0,101.0,114.0,324.0,115.0,74.0,144.0,2.0,211.0,198.0,201.0,105.0,157.0,3.0,111.0,10.0,174.0,101.0,107.0,5.0,246.0,101.0,201.0,102.0,103.0,520.0,14.0,101.0,101.0,3.0,4.0,101.0,201.0,101.0,4.0,2.0,101.0,0.0,2.0,101.0,106.0,18.0,201.0,122.0,201.0,149.0,22.0,351.0,147.0,2.0,101.0,518.0,14.0,106.0,246.0,2.0,154.0,347.0,118.0,197.0,101.0,411.0,103.0,170.0,271.0,201.0,3.0,2.0,460.0,2.0,7.0,27.0,301.0
5.0,225.0,107.0,122.0,288.0,9.0,228.0,185.0,101.0,301.0,488.0,123.0,15.0,212.0,20.0,103.0,228.0,123.0,4.0,102.0,6.0,2.0,103.0,101.0,246.0,5.0,145.0,175.0,101.0,114.0,324.0,115.0,74.0,144.0,2.0,213.0,198.0,201.0,105.0,157.0,3.0,111.0,10.0,174.0,101.0,107.0,5.0,246.0,101.0,201.0,102.0,103.0,520.0,14.0,101.0,101.0,3.0,4.0,101.0,201.0,101.0,4.0,2.0,101.0,2.0,0.0,101.0,106.0,18.0,201.0,122.0,201.0,149.0,22.0,351.0,147.0,2.0,101.0,518.0,14.0,106.0,246.0,2.0,154.0,347.0,118.0,197.0,101.0,411.0,103.0,170.0,271.0,201.0,3.0,2.0,460.0,2.0,7.0,27.0,301.0
104.0,324.0,206.0,221.0,387.0,108.0,327.0,284.0,200.0,400.0,587.0,222.0,114.0,311.0,119.0,202.0,327.0,222.0,103.0,201.0,105.0,101.0,202.0,200.0,345.0,104.0,244.0,274.0,200.0,213.0,423.0,214.0,173.0,243.0,101.0,312.0,297.0,300.0,204.0,256.0,102.0,210.0,109.0,273.0,200.0,206.0,104.0,345.0,200.0,300.0,201.0,202.0,619.0,113.0,200.0,200.0,102.0,103.0,200.0,300.0,200.0,103.0,101.0,200.0,101.0,101.0,0.0,205.0,117.0,300.0,221.0,300.0,248.0,121.0,450.0,246.0,101.0,200.0,617.0,113.0,205.0,345.0,101.0,253.0,446.0,217.0,296.0,200.0,510.0,202.0,269.0,370.0,300.0,102.0,101.0,559.0,101.0,106.0,126.0,400.0
109.0,329.0,211.0,226.0,392.0,111.0,332.0,289.0,205.0,405.0,592.0,227.0,119.0,316.0,124.0,207.0,332.0,227.0,108.0,206.0,110.0,106.0,207.0,205.0,350.0,109.0,249.0,279.0,205.0,218.0,428.0,219.0,178.0,248.0,106.0,317.0,302.0,305.0,209.0,261.0,107.0,215.0,114.0,278.0,205.0,211.0,109.0,350.0,205.0,305.0,206.0,207.0,624.0,118.0,205.0,205.0,107.0,108.0,205.0,305.0,205.0,108.0,106.0,205.0,106.0,106.0,205.0,0.0,122.0,305.0,226.0,305.0,253.0,126.0,455.0,251.0,106.0,205.0,622.0,118.0,210.0,350.0,106.0,258.0,451.0,222.0,301.0,205.0,515.0,207.0,274.0,375.0,305.0,107.0,106.0,564.0,106.0,111.0,131.0,405.0
21.0,241.0,123.0,138.0,304.0,25.0,244.0,201.0,117.0,317.0,504.0,139.0,31.0,228.0,36.0,119.0,244.0,139.0,20.0,118.0,22.0,18.0,119.0,117.0,262.0,21.0,161.0,191.0,117.0,130.0,340.0,131.0,90.0,160.0,18.0,229.0,214.0,217.0,121.0,173.0,19.0,127.0,26.0,190.0,117.0,123.0,21.0,262.0,117.0,217.0,118.0,119.0,536.0,30.0,117.0,117.0,19.0,20.0,117.0,217.0,117.0,20.0,18.0,117.0,18.0,18.0,117.0,122.0,0.0,217.0,138.0,217.0,165.0,38.0,367.0,163.0,18.0,117.0,534.0,30.0,122.0,262.0,18.0,170.0,363.0,134.0,213.0,117.0,427.0,119.0,186.0,287.0,217.0,19.0,18.0,476.0,18.0,23.0,43.0,317.0
204.0,424.0,306.0,321.0,487.0,208.0,427.0,384.0,300.0,500.0,687.0,322.0,214.0,409.0,219.0,302.0,427.0,322.0,203.0,301.0,205.0,201.0,302.0,300.0,445.0,204.0,344.0,374.0,300.0,313.0,523.0,314.0,271.0,339.0,201.0,412.0,397.0,400.0,304.0,356.0,202.0,310.0,209.0,373.0,300.0,306.0,204.0,445.0,300.0,400.0,301.0,302.0,719.0,213.0,300.0,300.0,202.0,203.0,300.0,400.0,300.0,203.0,201.0,300.0,201.0,201.0,300.0,305.0,217.0,0.0,319.0,400.0,348.0,219.0,550.0,346.0,201.0,300.0,717.0,209.0,305.0,445.0,201.0,353.0,546.0,315.0,396.0,300.0,610.0,302.0,369.0,470.0,400.0,202.0,201.0,659.0,201.0,206.0,222.0,500.0
125.0,343.0,227.0,242.0,408.0,129.0,348.0,299.0,221.0,421.0,608.0,243.0,135.0,332.0,140.0,221.0,348.0,243.0,124.0,222.0,126.0,122.0,221.0,221.0,366.0,125.0,265.0,295.0,221.0,234.0,444.0,235.0,194.0,264.0,122.0,333.0,318.0,321.0,225.0,277.0,123.0,231.0,130.0,294.0,221.0,227.0,125.0,366.0,221.0,321.0,222.0,223.0,640.0,134.0,221.0,221.0,123.0,124.0,221.0,321.0,221.0,124.0,122.0,221.0,122.0,122.0,221.0,226.0,138.0,319.0,0.0,321.0,269.0,142.0,471.0,265.0,122.0,221.0,638.0,134.0,226.0,366.0,122.0,274.0,467.0,238.0,317.0,221.0,531.0,223.0,290.0,391.0,321.0,123.0,122.0,580.0,122.0,127.0,147.0,421.0
204.0,424.0,306.0,321.0,487.0,208.0,427.0,384.0,300.0,500.0,687.0,322.0,214.0,411.0,219.0,302.0,427.0,322.0,203.0,301.0,205.0,201.0,302.0,300.0,445.0,204.0,344.0,374.0,300.0,313.0,523.0,314.0,273.0,343.0,201.0,412.0,397.0,400.0,304.0,356.0,202.0,310.0,209.0,373.0,300.0,306.0,204.0,445.0,300.0,400.0,301.0,302.0,719.0,213.0,300.0,300.0,202.0,203.0,300.0,400.0,300.0,203.0,201.0,300.0,201.0,201.0,300.0,305.0,217.0,400.0,321.0,0.0,348.0,221.0,550.0,346.0,201.0,300.0,717.0,213.0,305.0,445.0,201.0,353.0,546.0,317.0,396.0,300.0,610.0,302.0,369.0,470.0,400.0,202.0,201.0,659.0,201.0,206.0,226.0,500.0
152.0,372.0,254.0,269.0,435.0,156.0,375.0,332.0,248.0,448.0,635.0,270.0,162.0,359.0,167.0,250.0,375.0,270.0,151.0,249.0,153.0,149.0,250.0,248.0,393.0,152.0,292.0,322.0,248.0,261.0,467.0,262.0,221.0,291.0,149.0,360.0,345.0,348.0,252.0,304.0,150.0,258.0,157.0,321.0,248.0,254.0,152.0,393.0,248.0,348.0,249.0,250.0,667.0,161.0,248.0,248.0,150.0,151.0,248.0,348.0,248.0,151.0,149.0,248.0,149.0,149.0,248.0,253.0,165.0,348.0,269.0,348.0,0.0,169.0,498.0,294.0,149.0,248.0,665.0,161.0,253.0,393.0,149.0,301.0,494.0,265.0,344.0,248.0,558.0,250.0,317.0,418.0,348.0,150.0,149.0,607.0,149.0,154.0,174.0,448.0
25.0,195.0,127.0,142.0,308.0,29.0,248.0,205.0,121.0,321.0,508.0,143.0,35.0,230.0,40.0,123.0,248.0,143.0,24.0,122.0,26.0,22.0,123.0,121.0,266.0,25.0,165.0,195.0,121.0,134.0,344.0,135.0,92.0,164.0,22.0,233.0,218.0,221.0,125.0,177.0,23.0,115.0,30.0,194.0,121.0,127.0,25.0,264.0,121.0,221.0,122.0,123.0,540.0,34.0,121.0,121.0,23.0,24.0,121.0,221.0,121.0,24.0,22.0,121.0,22.0,22.0,121.0,126.0,38.0,219.0,142.0,221.0,169.0,0.0,371.0,167.0,22.0,121.0,538.0,34.0,126.0,266.0,22.0,174.0,367.0,136.0,217.0,121.0,431.0,123.0,190.0,291.0,221.0,23.0,22.0,480.0,22.0,27.0,47.0,321.0
354.0,574.0,452.0,471.0,637.0,354.0,577.0,534.0,450.0,650.0,837.0,472.0,364.0,561.0,369.0,452.0,577.0,472.0,353.0,451.0,355.0,351.0,452.0,450.0,595.0,354.0,494.0,524.0,450.0,463.0,673.0,464.0,423.0,493.0,351.0,562.0,547.0,550.0,454.0,502.0,352.0,460.0,359.0,523.0,450.0,456.0,354.0,595.0,450.0,550.0,451.0,452.0,869.0,361.0,450.0,450.0,352.0,353.0,450.0,550.0,450.0,353.0,351.0,450.0,351.0,351.0,450.0,455.0,367.0,550.0,471.0,550.0,498.0,371.0,0.0,496.0,351.0,450.0,867.0,363.0,455.0,571.0,351.0,503.0,696.0,467.0,546.0,450.0,760.0,452.0,519.0,620.0,550.0,352.0,351.0,809.0,351.0,356.0,376.0,650.0
150.0,370.0,252.0,267.0,433.0,154.0,373.0,328.0,246.0,446.0,633.0,268.0,160.0,357.0,165.0,248.0,373.0,268.0,149.0,247.0,151.0,147.0,248.0,246.0,391.0,150.0,290.0,320.0,246.0,257.0,469.0,260.0,219.0,289.0,147.0,356.0,343.0,346.0,250.0,302.0,148.0,256.0,155.0,319.0,246.0,252.0,150.0,391.0,246.0,346.0,247.0,248.0,665.0,151.0,246.0,246.0,148.0,149.0,246.0,346.0,246.0,149.0,147.0,246.0,147.0,147.0,246.0,251.0,163.0,346.0,265.0,346.0,294.0,167.0,496.0,0.0,147.0,246.0,661.0,159.0,251.0,391.0,147.0,299.0,492.0,263.0,342.0,246.0,556.0,248.0,315.0,416.0,346.0,148.0,147.0,605.0,147.0,152.0,172.0,446.0
5.0,225.0,107.0,122.0,288.0,9.0,228.0,185.0,101.0,301.0,488.0,123.0,15.0,212.0,20.0,103.0,228.0,123.0,4.0,102.0,6.0,2.0,103.0,101.0,246.0,5.0,145.0,175.0,101.0,114.0,324.0,115.0,74.0,144.0,2.0,213.0,198.0,201.0,105.0,157.0,3.0,111.0,10.0,174.0,101.0,107.0,5.0,246.0,101.0,201.0,102.0,103.0,520.0,14.0,101.0,101.0,3.0,4.0,101.0,201.0,101.0,4.0,2.0,101.0,2.0,2.0,101.0,106.0,18.0,201.0,122.0,201.0,149.0,22.0,351.0,147.0,0.0,101.0,518.0,14.0,106.0,246.0,2.0,154.0,347.0,118.0,197.0,101.0,411.0,103.0,170.0,271.0,201.0,3.0,2.0,460.0,2.0,7.0,27.0,301.0
104.0,324.0,206.0,221.0,387.0,108.0,327.0,284.0,200.0,400.0,587.0,222.0,114.0,311.0,119.0,202.0,327.0,222.0,103.0,201.0,105.0,101.0,202.0,200.0,345.0,104.0,244.0,274.0,200.0,213.0,423.0,214.0,173.0,243.0,101.0,312.0,297.0,300.0,204.0,256.0,102.0,210.0,109.0,273.0,200.0,206.0,104.0,345.0,200.0,300.0,201.0,202.0,619.0,113.0,200.0,200.0,102.0,103.0,200.0,300.0,200.0,103.0,101.0,200.0,101.0,101.0,200.0,205.0,117.0,300.0,221.0,300.0,248.0,121.0,450.0,246.0,101.0,0.0,617.0,113.0,205.0,345.0,101.0,253.0,446.0,217.0,296.0,200.0,510.0,202.0,269.0,370.0,300.0,102.0,101.0,559.0,101.0,106.0,126.0,400.0
521.0,741.0,623.0,638.0,804.0,525.0,744.0,701.0,617.0,817.0,1004.0,639.0,531.0,728.0,536.0,619.0,744.0,639.0,520.0,618.0,522.0,518.0,619.0,617.0,762.0,521.0,661.0,691.0,617.0,630.0,840.0,631.0,590.0,660.0,518.0,729.0,714.0,717.0,621.0,673.0,519.0,627.0,526.0,690.0,617.0,623.0,521.0,762.0,617.0,717.0,618.0,619.0,1036.0,530.0,617.0,617.0,519.0,520.0,617.0,717.0,617.0,520.0,518.0,617.0,518.0,518.0,617.0,622.0,534.0,717.0,638.0,717.0,665.0,538.0,867.0,661.0,518.0,617.0,0.0,530.0,622.0,762.0,518.0,670.0,863.0,634.0,713.0,617.0,927.0,619.0,686.0,787.0,717.0,519.0,518.0,976.0,518.0,523.0,543.0,817.0
17.0,237.0,119.0,134.0,300.0,21.0,240.0,197.0,113.0,313.0,500.0,135.0,27.0,224.0,32.0,115.0,238.0,135.0,16.0,114.0,18.0,14.0,115.0,113.0,258.0,17.0,157.0,187.0,113.0,126.0,336.0,127.0,86.0,156.0,14.0,225.0,210.0,213.0,117.0,169.0,15.0,123.0,22.0,186.0,113.0,119.0,17.0,258.0,113.0,213.0,114.0,115.0,532.0,26.0,73.0,113.0,15.0,16.0,113.0,213.0,113.0,10.0,14.0,113.0,14.0,14.0,113.0,118.0,30.0,209.0,134.0,213.0,161.0,34.0,363.0,159.0,14.0,113.0,530.0,0.0,118.0,258.0,14.0,166.0,359.0,130.0,209.0,113.0,421.0,115.0,182.0,283.0,213.0,15.0,14.0,472.0,14.0,19.0,39.0,313.0
109.0,329.0,211.0,226.0,392.0,113.0,332.0,289.0,205.0,405.0,592.0,227.0,119.0,316.0,124.0,207.0,332.0,227.0,108.0,206.0,110.0,106.0,207.0,205.0,350.0,109.0,249.0,279.0,205.0,218.0,428.0,219.0,178.0,248.0,106.0,317.0,302.0,305.0,209.0,261.0,107.0,215.0,114.0,278.0,205.0,211.0,109.0,350.0,205.0,305.0,206.0,207.0,624.0,118.0,205.0,205.0,107.0,108.0,205.0,305.0,205.0,108.0,106.0,205.0,106.0,106.0,205.0,210.0,122.0,305.0,226.0,305.0,253.0,126.0,455.0,251.0,106.0,205.0,622.0,118.0,0.0,350.0,106.0,256.0,451.0,222.0,301.0,205.0,515.0,207.0,274.0,375.0,305.0,107.0,106.0,564.0,106.0,111.0,131.0,405.0
249.0,469.0,351.0,366.0,532.0,253.0,472.0,429.0,345.0,545.0,732.0,367.0,259.0,456.0,264.0,347.0,472.0,367.0,248.0,346.0,250.0,246.0,347.0,345.0,490.0,249.0,389.0,419.0,345.0,358.0,568.0,359.0,318.0,388.0,246.0,457.0,442.0,445.0,349.0,399.0,247.0,355.0,254.0,418.0,345.0,351.0,249.0,490.0,345.0,445.0,346.0,347.0,764.0,258.0,345.0,345.0,247.0,248.0,345.0,445.0,345.0,248.0,246.0,345.0,246.0,246.0,345.0,350.0,262.0,445.0,366.0,445.0,393.0,266.0,571.0,391.0,246.0,345.0,762.0,258.0,350.0,0.0,246.0,398.0,591.0,362.0,441.0,345.0,655.0,347.0,414.0,515.0,445.0,247.0,246.0,704.0,246.0,251.0,271.0,545.0
5.0,225.0,107.0,122.0,288.0,9.0,228.0,185.0,101.0,301.0,488.0,123.0,15.0,212.0,20.0,103.0,228.0,123.0,4.0,102.0,6.0,2.0,103.0,101.0,244.0,5.0,145.0,175.0,101.0,114.0,324.0,115.0,74.0,144.0,2.0,213.0,198.0,201.0,105.0,157.0,3.0,111.0,10.0,174.0,101.0,107.0,5.0,246.0,101.0,201.0,102.0,103.0,520.0,14.0,101.0,101.0,3.0,4.0,101.0,201.0,101.0,4.0,2.0,101.0,2.0,2.0,101.0,106.0,18.0,201.0,122.0,201.0,149.0,22.0,351.0,147.0,2.0,101.0,518.0,14.0,106.0,246.0,0.0,154.0,347.0,118.0,197.0,101.0,411.0,103.0,170.0,271.0,201.0,3.0,2.0,460.0,2.0,7.0,27.0,301.0
157.0,377.0,259.0,274.0,440.0,161.0,380.0,337.0,253.0,453.0,640.0,275.0,167.0,364.0,172.0,255.0,380.0,275.0,156.0,254.0,158.0,154.0,255.0,253.0,398.0,157.0,297.0,327.0,253.0,266.0,476.0,267.0,226.0,296.0,154.0,365.0,350.0,353.0,257.0,309.0,155.0,263.0,162.0,326.0,253.0,259.0,157.0,398.0,253.0,353.0,254.0,255.0,672.0,166.0,253.0,253.0,155.0,156.0,253.0,353.0,253.0,156.0,154.0,253.0,154.0,154.0,253.0,258.0,170.0,353.0,274.0,353.0,301.0,174.0,503.0,299.0,154.0,253.0,670.0,166.0,256.0,398.0,154.0,0.0,499.0,270.0,349.0,253.0,563.0,255.0,322.0,423.0,353.0,155.0,154.0,612.0,154.0,159.0,179.0,453.0
350.0,570.0,452.0,467.0,633.0,354.0,573.0,530.0,446.0,646.0,833.0,468.0,360.0,557.0,365.0,448.0,573.0,468.0,349.0,447.0,351.0,347.0,448.0,446.0,591.0,350.0,490.0,520.0,446.0,459.0,669.0,460.0,419.0,489.0,347.0,558.0,543.0,546.0,450.0,502.0,348.0,456.0,355.0,519.0,446.0,452.0,350.0,591.0,446.0,546.0,447.0,448.0,865.0,359.0,446.0,446.0,348.0,349.0,446.0,546.0,446.0,349.0,347.0,446.0,347.0,347.0,446.0,451.0,363.0,546.0,467.0,546.0,494.0,367.0,696.0,492.0,347.0,446.0,863.0,359.0,451.0,591.0,347.0,499.0,0.0,463.0,542.0,446.0,756.0,448.0,515.0,616.0,546.0,348.0,347.0,805.0,347.0,352.0,372.0,646.0
121.0,341.0,223.0,238.0,404.0,125.0,344.0,301.0,217.0,417.0,604.0,239.0,131.0,328.0,136.0,219.0,344.0,239.0,120.0,218.0,122.0,118.0,219.0,217.0,362.0,121.0,261.0,291.0,217.0,230.0,440.0,231.0,188.0,238.0,118.0,329.0,314.0,317.0,221.0,273.0,119.0,207.0,126.0,290.0,217.0,223.0,121.0,362.0,217.0,317.0,218.0,219.0,636.0,130.0,217.0,217.0,119.0,120.0,217.0,317.0,217.0,120.0,118.0,217.0,118.0,118.0,217.0,222.0,134.0,315.0,238.0,317.0,265.0,136.0,467.0,263.0,118.0,217.0,634.0,130.0,222.0,362.0,118.0,270.0,463.0,0.0,313.0,217.0,527.0,219.0,286.0,387.0,317.0,119.0,118.0,576.0,118.0,123.0,143.0,417.0
200.0,420.0,302.0,317.0,483.0,204.0,423.0,380.0,296.0,496.0,683.0,318.0,210.0,407.0,215.0,298.0,423.0,318.0,199.0,297.0,201.0,197.0,298.0,296.0,441.0,200.0,340.0,370.0,296.0,309.0,519.0,310.0,269.0,339.0,197.0,408.0,393.0,396.0,300.0,352.0,198.0,306.0,205.0,369.0,296.0,302.0,200.0,441.0,296.0,396.0,297.0,298.0,715.0,209.0,296.0,296.0,198.0,199.0,296.0,396.0,296.0,199.0,197.0,296.0,197.0,197.0,296.0,301.0,213.0,396.0,317.0,396.0,344.0,217.0,546.0,342.0,197.0,296.0,713.0,209.0,301.0,441.0,197.0,349.0,542.0,313.0,0.0,296.0,606.0,298.0,365.0,466.0,396.0,198.0,197.0,655.0,197.0,202.0,222.0,496.0
104.0,324.0,206.0,221.0,387.0,108.0,327.0,284.0,200.0,400.0,587.0,222.0,114.0,311.0,119.0,202.0,327.0,222.0,103.0,201.0,105.0,101.0,202.0,200.0,345.0,104.0,244.0,274.0,200.0,213.0,423.0,214.0,173.0,243.0,101.0,312.0,297.0,300.0,204.0,256.0,102.0,210.0,109.0,273.0,200.0,206.0,104.0,345.0,200.0,300.0,201.0,202.0,619.0,113.0,200.0,200.0,102.0,103.0,200.0,300.0,200.0,103.0,101.0,0.0,101.0,101.0,200.0,205.0,117.0,300.0,221.0,300.0,248.0,121.0,450.0,246.0,101.0,200.0,617.0,113.0,205.0,345.0,101.0,253.0,446.0,217.0,296.0,0.0,510.0,202.0,269.0,370.0,300.0,102.0,101.0,559.0,101.0,106.0,126.0,400.0
414.0,634.0,516.0,531.0,697.0,418.0,637.0,594.0,510.0,710.0,897.0,532.0,424.0,621.0,429.0,512.0,637.0,532.0,413.0,511.0,415.0,411.0,512.0,510.0,655.0,414.0,554.0,584.0,510.0,523.0,733.0,524.0,483.0,553.0,411.0,622.0,607.0,610.0,514.0,566.0,412.0,520.0,419.0,583.0,510.0,516.0,414.0,655.0,510.0,610.0,511.0,512.0,929.0,419.0,510.0,510.0,412.0,413.0,510.0,610.0,510.0,413.0,411.0,510.0,411.0,411.0,510.0,515.0,427.0,610.0,531.0,610.0,558.0,431.0,760.0,556.0,411.0,510.0,927.0,421.0,515.0,655.0,411.0,563.0,756.0,527.0,606.0,510.0,0.0,512.0,579.0,680.0,610.0,412.0,411.0,869.0,411.0,416.0,436.0,710.0
106.0,326.0,208.0,223.0,389.0,110.0,329.0,286.0,202.0,402.0,589.0,224.0,116.0,313.0,121.0,204.0,329.0,224.0,105.0,203.0,107.0,103.0,204.0,202.0,347.0,106.0,246.0,276.0,202.0,215.0,425.0,216.0,173.0,245.0,103.0,314.0,299.0,302.0,206.0,258.0,104.0,212.0,111.0,275.0,202.0,208.0,106.0,347.0,202.0,302.0,203.0,204.0,621.0,115.0,202.0,202.0,104.0,105.0,202.0,302.0,202.0,105.0,103.0,202.0,103.0,103.0,202.0,207.0,119.0,302.0,223.0,302.0,250.0,123.0,452.0,248.0,103.0,202.0,619.0,115.0,207.0,347.0,103.0,255.0,448.0,219.0,298.0,202.0,512.0,0.0,271.0,372.0,302.0,104.0,103.0,561.0,103.0,108.0,128.0,402.0
173.0,393.0,275.0,290.0,456.0,177.0,396.0,353.0,269.0,469.0,656.0,291.0,183.0,380.0,188.0,271.0,396.0,291.0,172.0,270.0,174.0,170.0,271.0,269.0,414.0,173.0,313.0,343.0,269.0,282.0,492.0,283.0,242.0,312.0,170.0,381.0,366.0,369.0,273.0,325.0,171.0,279.0,178.0,342.0,269.0,275.0,173.0,414.0,269.0,369.0,270.0,271.0,688.0,182.0,269.0,269.0,171.0,172.0,269.0,369.0,269.0,172.0,170.0,269.0,170.0,170.0,269.0,274.0,186.0,369.0,290.0,369.0,317.0,190.0,519.0,315.0,170.0,269.0,686.0,182.0,274.0,414.0,170.0,322.0,515.0,286.0,365.0,269.0,579.0,271.0,0.0,439.0,369.0,171.0,170.0,628.0,170.0,175.0,195.0,469.0
274.0,494.0,376.0,391.0,557.0,278.0,497.0,454.0,370.0,570.0,757.0,392.0,284.0,481.0,289.0,372.0,497.0,392.0,273.0,371.0,275.0,271.0,372.0,370.0,515.0,274.0,414.0,444.0,370.0,383.0,593.0,384.0,343.0,413.0,271.0,482.0,467.0,470.0,374.0,426.0,272.0,380.0,279.0,443.0,370.0,376.0,274.0,515.0,370.0,470.0,371.0,372.0,789.0,283.0,370.0,370.0,272.0,273.0,370.0,470.0,370.0,273.0,271.0,370.0,271.0,271.0,370.0,375.0,287.0,470.0,391.0,470.0,418.0,291.0,620.0,416.0,271.0,370.0,787.0,283.0,375.0,515.0,271.0,423.0,616.0,387.0,466.0,370.0,680.0,372.0,439.0,0.0,470.0,272.0,271.0,729.0,271.0,276.0,296.0,570.0
204.0,424.0,306.0,321.0,487.0,208.0,427.0,384.0,300.0,500.0,687.0,322.0,214.0,411.0,219.0,302.0,427.0,322.0,203.0,301.0,205.0,201.0,302.0,300.0,445.0,204.0,344.0,374.0,300.0,313.0,523.0,314.0,273.0,343.0,201.0,412.0,397.0,400.0,304.0,356.0,202.0,310.0,209.0,373.0,300.0,306.0,204.0,445.0,300.0,400.0,301.0,302.0,719.0,213.0,300.0,300.0,202.0,203.0,300.0,400.0,300.0,203.0,201.0,300.0,201.0,201.0,300.0,305.0,217.0,400.0,321.0,400.0,348.0,221.0,550.0,346.0,201.0,300.0,717.0,213.0,305.0,445.0,201.0,353.0,546.0,317.0,396.0,300.0,610.0,302.0,369.0,470.0,0.0,202.0,201.0,659.0,201.0,206.0,226.0,500.0
6.0,226.0,108.0,123.0,289.0,10.0,229.0,186.0,102.0,302.0,489.0,124.0,16.0,213.0,21.0,104.0,229.0,124.0,5.0,103.0,7.0,3.0,104.0,102.0,247.0,6.0,146.0,176.0,102.0,115.0,325.0,116.0,75.0,145.0,3.0,214.0,199.0,202.0,106.0,158.0,4.0,112.0,9.0,175.0,102.0,108.0,6.0,247.0,102.0,202.0,103.0,104.0,521.0,15.0,102.0,102.0,4.0,5.0,102.0,202.0,102.0,5.0,3.0,102.0,3.0,3.0,102.0,107.0,19.0,202.0,123.0,202.0,150.0,23.0,352.0,148.0,3.0,102.0,519.0,15.0,107.0,247.0,3.0,155.0,348.0,119.0,198.0,102.0,412.0,104.0,171.0,272.0,202.0,0.0,3.0,461.0,3.0,8.0,28.0,302.0
5.0,225.0,107.0,122.0,288.0,9.0,228.0,185.0,101.0,301.0,488.0,123.0,15.0,212.0,20.0,103.0,228.0,123.0,4.0,102.0,6.0,2.0,103.0,101.0,246.0,5.0,145.0,175.0,101.0,114.0,324.0,115.0,74.0,144.0,2.0,213.0,198.0,201.0,105.0,157.0,3.0,111.0,10.0,174.0,101.0,107.0,5.0,246.0,101.0,201.0,102.0,103.0,520.0,14.0,101.0,101.0,3.0,4.0,101.0,201.0,101.0,4.0,2.0,101.0,2.0,2.0,101.0,106.0,18.0,201.0,122.0,201.0,149.0,22.0,351.0,147.0,2.0,101.0,518.0,14.0,106.0,246.0,2.0,154.0,347.0,118.0,197.0,101.0,411.0,103.0,170.0,271.0,201.0,3.0,0.0,460.0,2.0,7.0,27.0,301.0
463.0,683.0,565.0,580.0,746.0,467.0,686.0,643.0,559.0,759.0,946.0,581.0,473.0,670.0,478.0,561.0,686.0,581.0,462.0,560.0,464.0,460.0,561.0,559.0,704.0,463.0,603.0,633.0,559.0,572.0,782.0,573.0,532.0,602.0,460.0,671.0,656.0,659.0,563.0,615.0,461.0,569.0,468.0,632.0,559.0,565.0,463.0,704.0,559.0,659.0,560.0,561.0,978.0,472.0,559.0,559.0,461.0,462.0,559.0,659.0,559.0,462.0,460.0,559.0,460.0,460.0,559.0,564.0,476.0,659.0,580.0,659.0,607.0,480.0,809.0,605.0,460.0,559.0,976.0,472.0,564.0,704.0,460.0,612.0,805.0,576.0,655.0,559.0,869.0,561.0,628.0,729.0,659.0,461.0,460.0,0.0,460.0,465.0,485.0,759.0
5.0,225.0,107.0,122.0,288.0,9.0,228.0,185.0,101.0,301.0,488.0,123.0,15.0,212.0,20.0,103.0,228.0,123.0,4.0,102.0,6.0,2.0,103.0,101.0,246.0,5.0,145.0,175.0,101.0,114.0,324.0,115.0,74.0,144.0,2.0,213.0,198.0,201.0,105.0,157.0,3.0,111.0,10.0,174.0,101.0,107.0,5.0,246.0,101.0,201.0,102.0,103.0,520.0,14.0,101.0,101.0,3.0,4.0,101.0,201.0,101.0,4.0,2.0,101.0,2.0,2.0,101.0,106.0,18.0,201.0,122.0,201.0,149.0,22.0,351.0,147.0,2.0,101.0,518.0,14.0,106.0,246.0,2.0,154.0,347.0,118.0,197.0,101.0,411.0,103.0,170.0,271.0,201.0,3.0,2.0,460.0,0.0,7.0,27.0,301.0
10.0,230.0,112.0,127.0,293.0,14.0,233.0,190.0,106.0,306.0,493.0,128.0,20.0,217.0,25.0,108.0,233.0,128.0,9.0,107.0,11.0,7.0,108.0,106.0,251.0,10.0,150.0,180.0,106.0,119.0,329.0,120.0,79.0,149.0,7.0,218.0,203.0,206.0,110.0,162.0,8.0,116.0,15.0,179.0,106.0,112.0,10.0,251.0,106.0,206.0,107.0,108.0,525.0,19.0,106.0,106.0,8.0,9.0,106.0,206.0,106.0,9.0,7.0,106.0,7.0,7.0,106.0,111.0,23.0,206.0,127.0,206.0,154.0,27.0,356.0,152.0,7.0,106.0,523.0,19.0,111.0,251.0,7.0,159.0,352.0,123.0,202.0,106.0,416.0,108.0,175.0,276.0,206.0,8.0,7.0,465.0,7.0,0.0,32.0,306.0
30.0,250.0,132.0,147.0,313.0,34.0,253.0,210.0,126.0,326.0,513.0,148.0,40.0,237.0,45.0,128.0,253.0,148.0,29.0,127.0,29.0,27.0,128.0,126.0,271.0,30.0,170.0,200.0,126.0,139.0,349.0,140.0,99.0,169.0,27.0,238.0,223.0,226.0,130.0,182.0,28.0,136.0,33.0,199.0,126.0,132.0,30.0,271.0,126.0,226.0,127.0,128.0,545.0,39.0,126.0,126.0,28.0,29.0,126.0,226.0,126.0,29.0,27.0,126.0,27.0,27.0,126.0,131.0,43.0,222.0,147.0,226.0,174.0,47.0,376.0,172.0,27.0,126.0,543.0,39.0,131.0,271.0,27.0,179.0,372.0,143.0,222.0,126.0,436.0,128.0,195.0,296.0,226.0,28.0,27.0,485.0,27.0,32.0,0.0,326.0
304.0,524.0,406.0,421.0,587.0,308.0,527.0,484.0,400.0,600.0,787.0,422.0,314.0,511.0,319.0,402.0,527.0,422.0,303.0,401.0,305.0,301.0,402.0,400.0,545.0,304.0,444.0,474.0,400.0,413.0,623.0,414.0,373.0,443.0,301.0,512.0,497.0,500.0,404.0,456.0,302.0,410.0,309.0,473.0,400.0,406.0,304.0,545.0,400.0,500.0,401.0,402.0,819.0,313.0,400.0,400.0,302.0,303.0,400.0,500.0,400.0,303.0,301.0,400.0,301.0,301.0,400.0,405.0,317.0,500.0,421.0,500.0,448.0,321.0,650.0,446.0,301.0,400.0,817.0,313.0,405.0,545.0,301.0,453.0,646.0,417.0,496.0,400.0,710.0,402.0,469.0,570.0,500.0,302.0,301.0,759.0,301.0,306.0,326.0,0.0
